1|1|738001|775947|82729|19960102|5-LOW|0|17|3438947|20301051|4|3301389|121374|2|19960212|TRUCK|
1|2|738001|336546|16292|19960102|5-LOW|0|36|5697108|20301051|9|5184368|94951|6|19960228|MAIL|
1|3|738001|318499|7086|19960102|5-LOW|0|8|1213984|20301051|10|1092585|91048|2|19960305|REG AIR|
1|4|738001|10658|94209|19960102|5-LOW|0|28|4392220|20301051|9|3996920|94119|6|19960330|AIR|
1|5|738001|120134|162453|19960102|5-LOW|0|24|2769912|20301051|10|2492920|69247|4|19960314|FOB|
1|6|738001|78173|136719|19960102|5-LOW|0|32|3683744|20301051|7|3425881|69070|2|19960207|MAIL|
2|1|1560034|530849|106567|19961201|1-URGENT|0|38|7143316|7500481|0|7143316|112789|5|19970114|RAIL|
3|1|2466280|21485|195845|19931014|5-LOW|0|45|6329160|22857052|6|5949410|84388|0|19940104|AIR|
3|2|2466280|95178|166654|19931014|5-LOW|0|49|5748533|22857052|10|5173679|70390|0|19931220|RAIL|
3|3|2466280|642242|140899|19931014|5-LOW|0|27|3197367|22857052|6|3005524|71052|7|19931122|SHIP|
3|4|2466280|146899|74170|19931014|5-LOW|0|2|389178|22857052|1|385286|116753|6|19940107|TRUCK|
3|5|2466280|915471|160670|19931014|5-LOW|0|28|4162004|22857052|4|3995523|89185|0|19940110|FOB|
3|6|2466280|310713|176537|19931014|5-LOW|0|26|4481620|22857052|10|4033458|103422|2|19931218|RAIL|
4|1|2735521|440174|181193|19951011|5-LOW|0|30|3342450|3501550|3|3242176|66849|8|19951214|REG AIR|
5|1|889696|542847|4167|19940730|5-LOW|0|15|2834730|15184011|2|2778035|113389|4|19940831|AIR|
5|2|889696|619634|25899|19940730|5-LOW|0|26|4039360|15184011|7|3756604|93216|8|19940925|FOB|
5|3|889696|187651|83304|19940730|5-LOW|0|50|8693250|15184011|8|7997790|104319|3|19941013|AIR|
6|1|1112441|698178|57501|19920221|4-NOT SPECI|0|0|0|0|8|0|70568|3|19920515|TRUCK|
7|1|782686|910260|173469|19960110|2-HIGH|0|12|1524264|25059317|7|1417565|76213|3|19960313|FOB|
7|2|782686|726214|90709|19960110|2-HIGH|0|9|1116162|25059317|8|1026869|74410|8|19960302|SHIP|
7|3|782686|473899|130554|19960110|2-HIGH|0|46|8615202|25059317|10|7753681|112372|7|19960327|MAIL|
7|4|782686|815361|4724|19960110|2-HIGH|0|28|3573696|25059317|3|3466485|76579|4|19960408|FOB|
7|5|782686|759470|189950|19960110|2-HIGH|0|38|5811872|25059317|8|5346922|91766|1|19960224|TRUCK|
7|6|782686|396251|79450|19960110|2-HIGH|0|35|4715340|25059317|6|4432419|80834|3|19960223|FOB|
7|7|782686|786186|108083|19960110|2-HIGH|0|5|636075|25059317|4|610632|76329|2|19960326|FOB|
32|1|2601139|413518|149929|19950716|2-HIGH|0|28|4008172|15297554|5|3807763|85889|8|19950827|TRUCK|
32|2|2601139|989601|56529|19950716|2-HIGH|0|32|5409792|15297554|2|5301596|101433|0|19951007|AIR|
32|3|2601139|220802|72574|19950716|2-HIGH|0|2|344558|15297554|9|313547|103367|2|19951007|AIR|
32|4|2601139|13711|136460|19950716|2-HIGH|0|4|649884|15297554|9|591394|97482|3|19951001|REG AIR|
32|5|2601139|429051|67311|19950716|2-HIGH|0|44|4312132|15297554|5|4096525|58801|6|19950820|AIR|
32|6|2601139|58074|79367|19950716|2-HIGH|0|6|619242|15297554|4|594472|61924|3|19950923|RAIL|
33|1|1339159|306676|194761|19931027|3-MEDIUM|0|31|5216246|17029154|9|4746783|100959|4|19931219|TRUCK|
33|2|1339159|302594|141469|19931027|3-MEDIUM|0|32|5109056|17029154|2|5006874|95794|5|19940104|MAIL|
33|3|1339159|687343|61643|19931027|3-MEDIUM|0|5|665155|17029154|5|631897|79818|3|19931225|AIR|
33|4|1339159|169588|18669|19931027|3-MEDIUM|0|41|6796078|17029154|9|6184430|99454|0|19940124|MAIL|
34|1|1220002|441807|72678|19980721|3-MEDIUM|0|13|2273414|5645043|0|2273414|104926|7|19980914|REG AIR|
34|2|1220002|447067|90138|19980721|3-MEDIUM|0|22|2230888|5645043|8|2052416|60842|6|19981016|FOB|
34|3|1220002|847716|134113|19980721|3-MEDIUM|0|6|998202|5645043|2|978237|99820|6|19980920|FOB|
35|1|2551753|2250|89932|19951023|4-NOT SPECI|0|0|0|0|2|0|69135|0|19960103|FOB|
35|2|2551753|809699|72372|19951023|4-NOT SPECI|0|0|0|0|6|0|96519|8|19960106|RAIL|
35|3|2551753|604476|151967|19951023|4-NOT SPECI|0|0|0|0|6|0|82826|4|19951222|MAIL|
35|4|2551753|425871|92826|19951023|4-NOT SPECI|0|0|0|0|6|0|107811|5|19951225|SHIP|
35|5|2551753|599581|122358|19951023|4-NOT SPECI|0|0|0|0|8|0|100833|6|19960115|MAIL|
35|6|2551753|153809|57416|19951023|4-NOT SPECI|0|0|0|0|3|0|111768|2|19951224|RAIL|
36|1|2305036|598833|10635|19951103|1-URGENT|0|42|8113602|7383377|9|7383377|115908|0|19960121|SHIP|
37|1|1722289|113146|86721|19920603|3-MEDIUM|0|40|4636560|17829979|9|4219269|69548|3|19920801|REG AIR|
37|2|1722289|633907|114803|19920603|3-MEDIUM|0|39|7179393|17829979|5|6820423|110452|2|19920818|RAIL|
37|3|1722289|64515|85653|19920603|3-MEDIUM|0|43|6361893|17829979|5|6043798|88770|8|19920706|TRUCK|
38|1|2496559|879195|120547|19960821|4-NOT SPECI|0|0|0|0|4|0|70449|2|19961117|MAIL|
39|1|1635250|11599|161777|19960920|3-MEDIUM|0|44|6646596|36771805|9|6048402|90635|6|19961215|RAIL|
39|2|1635250|932906|181851|19960920|3-MEDIUM|0|26|5041036|36771805|8|4637753|116331|4|19961020|FOB|
39|3|1635250|339151|163616|19960920|3-MEDIUM|0|46|5474644|36771805|6|5146165|71408|8|19961219|AIR|
39|4|1635250|102950|89434|19960920|3-MEDIUM|0|32|6249440|36771805|7|5811979|117177|5|19961219|MAIL|
39|5|1635250|272594|108732|19960920|3-MEDIUM|0|43|6736294|36771805|1|6668931|93994|1|19961114|MAIL|
39|6|1635250|471837|52513|19960920|3-MEDIUM|0|40|7235240|36771805|6|6801125|108528|5|19961022|AIR|
64|1|642253|429755|9258|19940716|3-MEDIUM|0|21|3537933|3428256|5|3361036|101083|2|19940918|REG AIR|
65|1|325019|298470|103999|19950318|1-URGENT|0|26|3817996|10223129|3|3703456|88107|3|19950425|TRUCK|
65|2|325019|369073|102332|19950318|1-URGENT|0|22|2512532|10223129|0|2512532|68523|5|19950604|FOB|
65|3|325019|6937|93095|19950318|1-URGENT|0|21|3872253|10223129|9|3523750|110635|7|19950514|RAIL|
66|1|2583991|575586|84337|19940120|5-LOW|0|31|5150836|11498617|0|5150836|99693|8|19940311|RAIL|
66|2|2583991|867442|47535|19940120|5-LOW|0|41|5778540|11498617|4|5547398|84564|7|19940301|AIR|
67|1|1132241|108176|182264|19961219|4-NOT SPECI|0|0|0|0|9|0|71050|4|19970131|SHIP|
67|2|1132241|100962|110518|19961219|4-NOT SPECI|0|0|0|0|9|0|117777|5|19970221|REG AIR|
67|3|1132241|867998|60633|19961219|4-NOT SPECI|0|0|0|0|3|0|117957|7|19970212|TRUCK|
67|4|1132241|437568|47419|19961219|4-NOT SPECI|0|0|0|0|8|0|90332|6|19970129|RAIL|
67|5|1132241|203064|168352|19961219|4-NOT SPECI|0|0|0|0|5|0|58023|7|19970214|REG AIR|
67|6|1132241|891528|76292|19961219|4-NOT SPECI|0|0|0|0|2|0|91168|5|19970127|FOB|
68|1|570935|35336|88260|19980418|3-MEDIUM|0|3|381399|36557176|5|362329|76279|2|19980605|RAIL|
68|2|570935|875896|175777|19980418|3-MEDIUM|0|46|8610510|36557176|2|8438299|112311|5|19980607|MAIL|
68|3|570935|174896|76373|19980418|3-MEDIUM|0|46|9066094|36557176|4|8703450|118253|5|19980708|RAIL|
68|4|570935|473637|186594|19980418|3-MEDIUM|0|20|3221220|36557176|7|2995734|96636|1|19980523|REG AIR|
68|5|570935|413787|76604|19980418|3-MEDIUM|0|27|4592052|36557176|3|4454290|102045|6|19980625|SHIP|
68|6|570935|512804|70012|19980418|3-MEDIUM|0|30|5450340|36557176|5|5177823|109006|6|19980711|RAIL|
68|7|570935|696233|79852|19980418|3-MEDIUM|0|41|5039720|36557176|9|4586145|73752|8|19980627|SHIP|
69|1|1689730|576041|61827|19940604|4-NOT SPECI|0|0|0|0|1|0|67021|7|19940811|TRUCK|
69|2|1689730|520896|115902|19940604|4-NOT SPECI|0|0|0|0|8|0|115012|6|19940817|REG AIR|
69|3|1689730|686333|153622|19940604|4-NOT SPECI|0|0|0|0|9|0|79158|0|19940707|AIR|
69|4|1689730|187509|119697|19940604|4-NOT SPECI|0|0|0|0|9|0|95790|4|19940727|MAIL|
69|5|1689730|460350|132236|19940604|4-NOT SPECI|0|0|0|0|7|0|78619|4|19940726|REG AIR|
69|6|1689730|92520|84067|19940604|4-NOT SPECI|0|0|0|0|5|0|90751|0|19940806|SHIP|
70|1|1286791|320640|121077|19931218|5-LOW|0|8|1328504|14116238|3|1288648|99637|8|19940227|FOB|
70|2|1286791|980776|126148|19931218|5-LOW|0|13|2413749|14116238|6|2268924|111403|6|19940213|AIR|
70|3|1286791|899044|158881|19931218|5-LOW|0|1|104300|14116238|3|101171|62580|5|19940305|RAIL|
70|4|1286791|228666|105607|19931218|5-LOW|0|11|1754115|14116238|1|1736573|95679|5|19940317|MAIL|
70|5|1286791|185654|122580|19931218|5-LOW|0|37|6436705|14116238|9|5857401|104379|4|19940316|MAIL|
70|6|1286791|278271|187146|19931218|5-LOW|0|19|2373594|14116238|6|2231178|74955|3|19940217|SHIP|
71|1|67423|309653|29617|19980124|4-NOT SPECI|0|0|0|0|9|0|99758|7|19980422|FOB|
71|2|67423|329576|171356|19980124|4-NOT SPECI|0|0|0|0|9|0|96333|7|19980403|SHIP|
71|3|67423|172160|171909|19980124|4-NOT SPECI|0|0|0|0|0|0|73929|7|19980320|SHIP|
71|4|67423|483223|62349|19980124|4-NOT SPECI|0|0|0|0|0|0|72372|1|19980320|FOB|
71|5|67423|516272|92982|19980124|4-NOT SPECI|0|0|0|0|8|0|77295|6|19980407|RAIL|
71|6|67423|978172|147195|19980124|4-NOT SPECI|0|0|0|0|4|0|75007|1|19980422|TRUCK|
96|1|2155556|615380|172395|19940417|2-HIGH|0|23|2979305|8905405|10|2681374|77721|6|19940629|TRUCK|
96|2|2155556|676949|34750|19940417|2-HIGH|0|30|5777730|8905405|1|5719952|115554|6|19940529|TRUCK|
97|1|421199|597385|68333|19930129|3-MEDIUM|0|13|1927068|11880013|0|1927068|88941|2|19930404|TRUCK|
97|2|421199|247837|70778|19930129|3-MEDIUM|0|37|6603834|11880013|2|6471757|107089|6|19930330|SHIP|
97|3|421199|388495|151449|19930129|3-MEDIUM|0|19|3008612|11880013|6|2828095|95008|8|19930305|RAIL|
98|1|2089594|201080|19443|19940925|1-URGENT|0|28|2746996|6741870|6|2582176|58864|7|19941025|REG AIR|
98|2|2089594|548714|167492|19940925|1-URGENT|0|1|176269|6741870|0|176269|105761|0|19941212|TRUCK|
98|3|2089594|223529|25705|19940925|1-URGENT|0|14|2033514|6741870|5|1931838|87150|2|19941122|AIR|
98|4|2089594|835898|22594|19940925|1-URGENT|0|10|1833850|6741870|3|1778834|110031|3|19941108|RAIL|
99|1|1778185|435570|158044|19940313|4-NOT SPECI|0|0|0|0|2|0|90333|1|19940603|RAIL|
99|2|1778185|618830|28950|19940313|4-NOT SPECI|0|0|0|0|2|0|104928|7|19940528|RAIL|
99|3|1778185|670408|157607|19940313|4-NOT SPECI|0|0|0|0|2|0|82702|2|19940518|RAIL|
99|4|1778185|541686|98145|19940313|4-NOT SPECI|0|0|0|0|9|0|103659|2|19940417|AIR|
100|1|2940059|310144|31338|19980228|4-NOT SPECI|0|0|0|0|4|0|69247|5|19980513|TRUCK|
100|2|2940059|579892|84160|19980228|4-NOT SPECI|0|0|0|0|0|0|118312|7|19980412|SHIP|
100|3|2940059|230749|70813|19980228|4-NOT SPECI|0|0|0|0|3|0|100783|4|19980410|SHIP|
100|4|2940059|190116|145391|19980228|4-NOT SPECI|0|0|0|0|6|0|72366|3|19980501|MAIL|
100|5|2940059|267192|177535|19980228|4-NOT SPECI|0|0|0|0|5|0|69550|0|19980416|TRUCK|
101|1|559948|591410|185411|19960317|3-MEDIUM|0|49|7356811|13617046|10|6621129|90083|0|19960527|REG AIR|
101|2|559948|816666|188301|19960317|3-MEDIUM|0|36|5697432|13617046|0|5697432|94957|1|19960501|AIR|
101|3|559948|692087|174007|19960317|3-MEDIUM|0|12|1294860|13617046|6|1217168|64743|2|19960420|MAIL|
102|1|14315|444568|145556|19970509|2-HIGH|0|37|5596398|16023863|6|5260614|90752|0|19970802|SHIP|
102|2|14315|846190|151967|19970509|2-HIGH|0|34|3862910|16023863|3|3747022|68169|8|19970728|SHIP|
102|3|14315|911603|99504|19970509|2-HIGH|0|25|4036400|16023863|1|3996036|96873|1|19970724|RAIL|
102|4|14315|305790|150399|19970509|2-HIGH|0|15|2693670|16023863|7|2505113|107746|7|19970713|SHIP|
103|1|581989|973289|155654|19960620|4-NOT SPECI|0|0|0|0|3|0|81734|5|19960725|FOB|
103|2|581989|52130|75375|19960620|4-NOT SPECI|0|0|0|0|2|0|64927|7|19960727|MAIL|
103|3|581989|142152|11265|19960620|4-NOT SPECI|0|0|0|0|1|0|71649|4|19960918|FOB|
103|4|581989|145108|114599|19960620|4-NOT SPECI|0|0|0|0|1|0|69186|7|19960806|RAIL|
128|1|1479112|534138|94436|19920615|1-URGENT|0|38|4454018|4228643|6|4186776|70326|1|19920827|FOB|
129|1|1422667|14335|57573|19921119|5-LOW|0|46|5746918|29494299|8|5287164|74959|2|19930124|TRUCK|
129|2|1422667|925817|18008|19921119|5-LOW|0|36|6633972|29494299|1|6567632|110566|2|19921225|REG AIR|
129|3|1422667|197220|58972|19921119|5-LOW|0|33|4346826|29494299|4|4172952|79033|6|19930214|SHIP|
129|4|1422667|675681|129278|19921119|5-LOW|0|34|5632610|29494299|0|5632610|99399|1|19930214|MAIL|
129|5|1422667|156863|164788|19921119|5-LOW|0|24|4607664|29494299|6|4331204|115191|0|19930102|FOB|
129|6|1422667|385247|180374|19921119|5-LOW|0|22|2930906|29494299|6|2755051|79933|1|19930131|SHIP|
129|7|1422667|842842|137410|19921119|5-LOW|0|1|178480|29494299|5|169556|107088|4|19930108|FOB|
130|1|739267|644078|46296|19920508|2-HIGH|0|14|1430856|18010648|8|1316387|61322|5|19920725|RAIL|
130|2|739267|8691|87275|19920508|2-HIGH|0|48|7678512|18010648|3|7448156|95981|2|19920712|AIR|
130|3|739267|59296|20085|19920508|2-HIGH|0|18|2259522|18010648|4|2169141|75317|8|19920614|MAIL|
130|4|739267|578173|164547|19920508|2-HIGH|0|13|1626495|18010648|9|1480110|75069|2|19920729|FOB|
130|5|739267|345647|138245|19920508|2-HIGH|0|31|5247153|18010648|6|4932323|101557|5|19920718|RAIL|
131|1|1854973|837522|85200|19940608|3-MEDIUM|0|45|6567660|12573840|10|5910894|87568|2|19940902|FOB|
131|2|1854973|221274|141482|19940608|3-MEDIUM|0|50|5976300|12573840|2|5856774|71715|4|19940810|SHIP|
131|3|1854973|945102|87413|19940608|3-MEDIUM|0|4|458824|12573840|4|440471|68823|3|19940830|REG AIR|
132|1|527869|702243|75910|19930611|3-MEDIUM|0|18|2241378|15386688|0|2241378|74712|8|19930805|TRUCK|
132|2|527869|595263|4999|19930611|3-MEDIUM|0|43|5840432|15386688|1|5782027|81494|8|19930816|TRUCK|
132|3|527869|572092|16147|19930611|3-MEDIUM|0|32|3725024|15386688|4|3576023|69844|4|19930805|TRUCK|
132|4|527869|140410|165865|19930611|3-MEDIUM|0|23|3335943|15386688|10|3002348|87024|0|19930827|AIR|
133|1|879998|517159|79657|19971129|1-URGENT|0|27|3175551|11457326|0|3175551|70567|2|19980223|MAIL|
133|2|879998|881394|187873|19971129|1-URGENT|0|12|1650420|11457326|2|1617411|82521|6|19980115|REG AIR|
133|3|879998|586747|181137|19971129|1-URGENT|0|29|5317788|11457326|9|4839187|110023|8|19980130|RAIL|
133|4|879998|449274|166183|19971129|1-URGENT|0|11|1345575|11457326|6|1264840|73395|1|19980115|REG AIR|
134|1|123949|3203|35398|19920501|4-NOT SPECI|0|0|0|0|0|0|66372|3|19920708|SHIP|
134|2|123949|823225|124576|19920501|4-NOT SPECI|0|0|0|0|6|0|68890|7|19920601|MAIL|
134|3|123949|941258|144051|19920501|4-NOT SPECI|0|0|0|0|9|0|77952|6|19920712|RAIL|
134|4|123949|720009|48695|19920501|4-NOT SPECI|0|0|0|0|5|0|61738|0|19920706|REG AIR|
134|5|123949|175860|12644|19920501|4-NOT SPECI|0|0|0|0|5|0|116151|2|19920601|TRUCK|
134|6|123949|665511|99800|19920501|4-NOT SPECI|0|0|0|0|0|0|88588|0|19920707|FOB|
135|1|1209595|541025|34711|19951021|4-NOT SPECI|0|0|0|0|6|0|63960|8|19960101|RAIL|
135|2|1209595|991717|176676|19951021|4-NOT SPECI|0|0|0|0|0|0|108520|7|19960112|SHIP|
135|3|1209595|787549|185499|19951021|4-NOT SPECI|0|0|0|0|2|0|98190|0|19951121|MAIL|
135|4|1209595|335021|79654|19951021|4-NOT SPECI|0|0|0|0|2|0|63360|3|19960119|TRUCK|
135|5|1209595|681239|130919|19951021|4-NOT SPECI|0|0|0|0|1|0|73212|4|19951120|MAIL|
135|6|1209595|574997|154345|19951021|4-NOT SPECI|0|0|0|0|4|0|124318|2|19951222|FOB|
160|1|1649869|73924|148360|19961219|4-NOT SPECI|0|0|0|0|7|0|113875|1|19970311|MAIL|
160|2|1649869|431910|76333|19961219|4-NOT SPECI|0|0|0|0|0|0|110513|4|19970305|RAIL|
160|3|1649869|100398|122990|19961219|4-NOT SPECI|0|0|0|0|1|0|83903|5|19970313|FOB|
161|1|332380|514047|191326|19940831|2-HIGH|0|19|2015938|2015735|1|1995778|63661|1|19941119|TRUCK|
162|1|282310|946440|109679|19950508|3-MEDIUM|0|2|297280|294247|2|291334|89184|1|19950617|FOB|
163|1|1755163|837723|164563|19970905|3-MEDIUM|0|43|7140924|16874081|1|7069514|99640|0|19971119|REG AIR|
163|2|1755163|603510|2146|19970905|3-MEDIUM|0|13|1837524|16874081|1|1819148|84808|4|19971018|TRUCK|
163|3|1755163|184088|54650|19970905|3-MEDIUM|0|27|3164616|16874081|4|3038031|70324|8|19971128|REG AIR|
163|4|1755163|963208|92253|19970905|3-MEDIUM|0|5|635580|16874081|2|622868|76269|0|19971009|TRUCK|
163|5|1755163|630449|92458|19970905|3-MEDIUM|0|12|1655292|16874081|10|1489762|82764|0|19971026|TRUCK|
163|6|1755163|954123|133068|19970905|3-MEDIUM|0|20|2354160|16874081|0|2354160|70624|7|19971115|FOB|
164|1|15562|456542|58091|19921021|5-LOW|0|26|3896152|30421726|9|3545498|89911|4|19921121|RAIL|
164|2|15562|92440|128327|19921021|5-LOW|0|24|3437856|30421726|5|3265963|85946|5|19921127|AIR|
164|3|15562|627542|182597|19921021|5-LOW|0|38|5584138|30421726|3|5416613|88170|6|19921123|AIR|
164|4|15562|87627|94588|19921021|5-LOW|0|32|5166784|30421726|5|4908444|96877|1|19921223|RAIL|
164|5|15562|737523|135861|19921021|5-LOW|0|43|6710107|30421726|6|6307500|93629|1|19930103|RAIL|
164|6|15562|544477|13416|19921021|5-LOW|0|27|4107915|30421726|10|3697123|91287|4|19930116|AIR|
164|7|15562|15183|69038|19921021|5-LOW|0|23|2525814|30421726|9|2298490|65890|4|19921202|REG AIR|
165|1|544723|165872|116689|19930130|4-NOT SPECI|0|0|0|0|1|0|116272|8|19930306|REG AIR|
165|2|544723|808134|179590|19930130|4-NOT SPECI|0|0|0|0|8|0|62525|5|19930419|TRUCK|
165|3|544723|292599|158479|19930130|4-NOT SPECI|0|0|0|0|0|0|95494|5|19930329|SHIP|
165|4|544723|695947|149620|19930130|4-NOT SPECI|0|0|0|0|7|0|116574|6|19930402|REG AIR|
165|5|544723|775417|57877|19930130|4-NOT SPECI|0|0|0|0|1|0|89542|4|19930304|MAIL|
166|1|2156209|324439|142751|19950912|2-HIGH|0|37|5414654|13017240|9|4927335|87805|3|19951017|MAIL|
166|2|2156209|831826|897|19950912|2-HIGH|0|13|2285114|13017240|9|2079453|105466|5|19951118|SHIP|
166|3|2156209|498259|69084|19950912|2-HIGH|0|41|5154643|13017240|7|4793817|75433|3|19951107|FOB|
166|4|2156209|225134|93121|19950912|2-HIGH|0|8|847296|13017240|5|804931|63547|2|19951129|RAIL|
167|1|2388032|505853|3753|19930104|4-NOT SPECI|0|0|0|0|6|0|111529|1|19930216|TRUCK|
167|2|2388032|857775|61357|19930104|4-NOT SPECI|0|0|0|0|9|0|103963|0|19930331|FOB|
192|1|1651372|485085|119153|19971125|5-LOW|0|23|2461138|16498115|0|2461138|64203|0|19980206|AIR|
192|2|1651372|806840|192084|19971125|5-LOW|0|20|3493600|16498115|7|3249048|104808|1|19980202|REG AIR|
192|3|1651372|551258|147271|19971125|5-LOW|0|15|1963845|16498115|9|1787098|78553|1|19980210|TRUCK|
192|4|1651372|981997|182873|19971125|5-LOW|0|2|415790|16498115|6|390842|124737|2|19980203|SHIP|
192|5|1651372|414572|134378|19971125|5-LOW|0|25|3716375|16498115|2|3642047|89193|3|19980111|TRUCK|
192|6|1651372|705011|77107|19971125|5-LOW|0|45|4571910|16498115|0|4571910|60958|5|19980109|MAIL|
193|1|1581202|463187|88438|19930808|1-URGENT|0|9|1035144|6999481|6|973035|69009|6|19931008|TRUCK|
193|2|1581202|769767|165377|19930808|1-URGENT|0|15|2755095|6999481|2|2699993|110203|7|19931009|SHIP|
193|3|1581202|469387|74988|19930808|1-URGENT|0|23|3119628|6999481|6|2932450|81381|5|19931011|TRUCK|
194|1|1234469|12966|63001|19920405|3-MEDIUM|0|17|3194232|19239650|5|3034520|112737|4|19920522|AIR|
194|2|1234469|917614|56417|19920405|3-MEDIUM|0|1|163157|19239650|4|156630|97894|6|19920518|REG AIR|
194|3|1234469|329966|195266|19920405|3-MEDIUM|0|13|2594735|19239650|8|2387156|119757|8|19920618|AIR|
194|4|1234469|725727|19833|19920405|3-MEDIUM|0|36|6309684|19239650|0|6309684|105161|5|19920518|RAIL|
194|5|1234469|280880|120918|19920405|3-MEDIUM|0|8|1488696|19239650|4|1429148|111652|0|19920625|FOB|
194|6|1234469|744919|55683|19920405|3-MEDIUM|0|16|3142208|19239650|6|2953675|117832|3|19920614|TRUCK|
194|7|1234469|839140|50345|19920405|3-MEDIUM|0|21|2266110|19239650|2|2220787|64746|1|19920520|REG AIR|
195|1|2708413|422947|142320|19931228|3-MEDIUM|0|6|1121952|14565224|4|1077073|112195|2|19940327|REG AIR|
195|2|2708413|469235|168196|19931228|3-MEDIUM|0|41|4937261|14565224|5|4690397|72252|7|19940211|TRUCK|
195|3|2708413|427229|53553|19931228|3-MEDIUM|0|34|3931080|14565224|8|3616593|69372|8|19940211|TRUCK|
195|4|2708413|427206|61520|19931228|3-MEDIUM|0|41|4646038|14565224|6|4367275|67990|4|19940313|RAIL|
196|1|1296463|675258|147492|19930317|2-HIGH|0|19|2343118|4148131|3|2272824|73993|2|19930527|SHIP|
196|2|1296463|49260|91814|19930317|2-HIGH|0|15|1813890|4148131|3|1759473|72555|4|19930508|SHIP|
197|1|650218|492467|69155|19950407|2-HIGH|0|39|5691816|14677810|2|5577979|87566|4|19950701|AIR|
197|2|650218|885511|78673|19950407|2-HIGH|0|8|1197176|14677810|9|1089430|89788|2|19950701|SHIP|
197|3|650218|779145|56162|19950407|2-HIGH|0|17|2080987|14677810|6|1956127|73446|2|19950623|REG AIR|
197|4|650218|89678|101095|19950407|2-HIGH|0|25|4169175|14677810|4|4002408|100060|1|19950523|FOB|
197|5|650218|207327|92542|19950407|2-HIGH|0|14|1728034|14677810|9|1572510|74058|1|19950524|RAIL|
197|6|650218|529400|143857|19950407|2-HIGH|0|1|142938|14677810|7|132932|85762|5|19950621|RAIL|
198|1|2204324|280305|29075|19980102|4-NOT SPECI|0|0|0|0|7|0|77117|2|19980320|TRUCK|
198|2|2204324|76144|59758|19980102|4-NOT SPECI|0|0|0|0|3|0|67208|0|19980331|FOB|
198|3|2204324|740290|137580|19980102|4-NOT SPECI|0|0|0|0|4|0|79815|2|19980226|MAIL|
198|4|2204324|51854|96475|19980102|4-NOT SPECI|0|0|0|0|8|0|108351|2|19980323|RAIL|
198|5|2204324|509756|45425|19980102|4-NOT SPECI|0|0|0|0|2|0|105943|1|19980312|SHIP|
199|1|1059383|660360|192804|19960307|2-HIGH|0|50|6601650|12140858|2|6469617|79219|0|19960603|MAIL|
199|2|1059383|669987|47580|19960307|2-HIGH|0|30|5870850|12140858|8|5401182|117417|5|19960529|TRUCK|
224|1|49483|750553|1874|19940618|4-NOT SPECI|0|0|0|0|4|0|96211|0|19940730|MAIL|
224|2|49483|543045|83642|19940618|4-NOT SPECI|0|0|0|0|4|0|65281|8|19940825|TRUCK|
224|3|49483|949833|157705|19940618|4-NOT SPECI|0|0|0|0|7|0|112967|4|19940915|SHIP|
224|4|49483|831884|141698|19940618|4-NOT SPECI|0|0|0|0|8|0|108950|6|19940829|MAIL|
224|5|49483|469284|114487|19940618|4-NOT SPECI|0|0|0|0|7|0|75195|7|19940902|AIR|
224|6|49483|250046|182702|19940618|4-NOT SPECI|0|0|0|0|2|0|59761|0|19940824|FOB|
225|1|660592|859622|16729|19950525|1-URGENT|0|4|632632|21825548|9|575695|94894|7|19950819|SHIP|
225|2|660592|652823|151207|19950525|1-URGENT|0|3|532737|21825548|0|532737|106547|8|19950708|REG AIR|
225|3|660592|991060|134307|19950525|1-URGENT|0|45|5179590|21825548|6|4868814|69061|1|19950820|FOB|
225|4|660592|730353|93663|19950525|1-URGENT|0|24|3319968|21825548|0|3319968|82999|6|19950805|MAIL|
225|5|660592|37941|181353|19950525|1-URGENT|0|31|5824714|21825548|4|5591725|112736|6|19950724|FOB|
225|6|660592|659173|194216|19950525|1-URGENT|0|12|1358568|21825548|0|1358568|67928|0|19950715|MAIL|
225|7|660592|706164|178168|19950525|1-URGENT|0|44|5148572|21825548|10|4633714|70207|6|19950816|REG AIR|
226|1|2549308|484542|62378|19930310|2-HIGH|0|4|610608|25015733|0|610608|91591|0|19930430|TRUCK|
226|2|2549308|689010|172916|19930310|2-HIGH|0|46|4595308|25015733|6|4319589|59938|1|19930424|FOB|
226|3|2549308|186542|186362|19930310|2-HIGH|0|35|5699890|25015733|9|5186899|97712|3|19930518|RAIL|
226|4|2549308|203165|183578|19930310|2-HIGH|0|45|4806675|25015733|10|4326007|64089|2|19930527|AIR|
226|5|2549308|589779|190975|19930310|2-HIGH|0|2|373750|25015733|7|347587|112125|2|19930413|SHIP|
226|6|2549308|414684|106943|19930310|2-HIGH|0|48|7673568|25015733|2|7520096|95919|0|19930515|REG AIR|
226|7|2549308|589804|186875|19930310|2-HIGH|0|14|2651292|25015733|9|2412675|113626|0|19930605|MAIL|
227|1|197650|826672|199046|19951110|5-LOW|0|19|3037397|6594375|5|2885527|95917|6|19960130|RAIL|
227|2|197650|870510|155530|19951110|5-LOW|0|24|3553128|6594375|7|3304409|88828|7|19951224|SHIP|
228|1|881552|20192|52805|19930225|1-URGENT|0|3|333657|324314|10|300291|66731|8|19930408|SHIP|
229|1|2234549|417900|148012|19931229|1-URGENT|0|20|3635760|25215122|2|3563044|109072|3|19940131|REG AIR|
229|2|2234549|644517|25385|19931229|1-URGENT|0|29|4238292|25215122|7|3941611|87688|0|19940302|SHIP|
229|3|2234549|392628|35493|19931229|1-URGENT|0|28|4817708|25215122|2|4721353|103236|2|19940202|FOB|
229|4|2234549|884738|125955|19931229|1-URGENT|0|3|516807|25215122|2|506470|103361|8|19940324|REG AIR|
229|5|2234549|775899|111803|19931229|1-URGENT|0|33|6517038|25215122|3|6321526|118491|6|19940211|FOB|
229|6|2234549|526963|71607|19931229|1-URGENT|0|29|5770826|25215122|4|5539992|119396|0|19940216|FOB|
230|1|2050684|929314|109103|19931027|1-URGENT|0|46|6179042|17060456|9|5622928|80596|0|19940115|SHIP|
230|2|2050684|974537|78062|19931027|1-URGENT|0|6|966894|17060456|3|937887|96689|8|19940125|REG AIR|
230|3|2050684|36833|184177|19931027|1-URGENT|0|1|176983|17060456|7|164594|106189|6|19940103|RAIL|
230|4|2050684|45820|58762|19931027|1-URGENT|0|44|7769608|17060456|8|7148039|105949|6|19940118|MAIL|
230|5|2050684|94614|196846|19931027|1-URGENT|0|8|1286888|17060456|9|1171068|96516|6|19940120|TRUCK|
230|6|2050684|169635|184109|19931027|1-URGENT|0|8|1363704|17060456|0|1363704|102277|5|19940105|FOB|
231|1|1816357|791779|367|19940929|2-HIGH|0|16|2993184|24052324|4|2873456|112244|8|19941029|AIR|
231|2|1816357|416791|153690|19940929|2-HIGH|0|46|7855742|24052324|4|7541512|102466|5|19941202|SHIP|
231|3|1816357|990617|58526|19940929|2-HIGH|0|50|8537850|24052324|9|7769443|102454|1|19941214|RAIL|
231|4|1816357|283798|32557|19940929|2-HIGH|0|31|5523518|24052324|8|5081636|106906|2|19941227|SHIP|
256|1|2496607|441161|71477|19931019|4-NOT SPECI|0|0|0|0|9|0|66128|2|19931228|FOB|
256|2|2496607|591995|105667|19931019|4-NOT SPECI|0|0|0|0|10|0|125218|1|19931213|FOB|
256|3|2496607|645552|132515|19931019|4-NOT SPECI|0|0|0|0|2|0|89851|8|19940117|SHIP|
257|1|2453849|731141|34606|19980328|3-MEDIUM|0|7|820477|795042|5|779453|70326|2|19980515|FOB|
258|1|837203|530969|169048|19931229|1-URGENT|0|8|1599952|29373898|0|1599952|119996|7|19940321|REG AIR|
258|2|837203|980592|175894|19931229|1-URGENT|0|40|6690200|29373898|10|6021180|100353|1|19940223|FOB|
258|3|837203|808810|34430|19931229|1-URGENT|0|45|7734465|29373898|7|7193052|103126|7|19940213|TRUCK|
258|4|837203|664556|57504|19931229|1-URGENT|0|31|4713612|29373898|2|4619339|91231|5|19940320|REG AIR|
258|5|837203|179791|56469|19931229|1-URGENT|0|25|4676975|29373898|8|4302817|112247|2|19940226|TRUCK|
258|6|837203|732331|62297|19931229|1-URGENT|0|36|4907880|29373898|9|4466170|81798|4|19940304|AIR|
259|1|863695|493891|47569|19930929|4-NOT SPECI|0|0|0|0|0|0|113092|8|19931209|SHIP|
259|2|863695|809908|76708|19930929|4-NOT SPECI|0|0|0|0|3|0|109071|5|19931120|FOB|
259|3|863695|117569|16314|19930929|4-NOT SPECI|0|0|0|0|9|0|95193|0|19931118|TRUCK|
259|4|863695|976675|185443|19930929|4-NOT SPECI|0|0|0|0|8|0|105097|6|19931107|SHIP|
259|5|863695|961003|130731|19930929|4-NOT SPECI|0|0|0|0|0|0|63837|5|19931222|TRUCK|
260|1|2094541|779433|14317|19961210|3-MEDIUM|0|50|7562000|25889606|7|7032660|90744|8|19970209|REG AIR|
260|2|2094541|913680|25679|19961210|3-MEDIUM|0|26|4403464|25889606|2|4315394|101618|7|19970206|TRUCK|
260|3|2094541|206107|175660|19961210|3-MEDIUM|0|27|2735343|25889606|5|2598575|60785|8|19970215|RAIL|
260|4|2094541|26684|113817|19961210|3-MEDIUM|0|29|4670972|25889606|10|4203874|96640|6|19970114|MAIL|
260|5|2094541|476426|107764|19961210|3-MEDIUM|0|44|6170560|25889606|1|6108854|84144|5|19970203|MAIL|
261|1|921439|6743|101864|19930629|3-MEDIUM|0|34|5609116|30896092|5|5328660|98984|8|19930924|REG AIR|
261|2|921439|328308|18345|19930629|3-MEDIUM|0|20|2672580|30896092|0|2672580|80177|6|19930802|RAIL|
261|3|921439|869792|113851|19930629|3-MEDIUM|0|28|4932900|30896092|8|4538268|105705|3|19930820|AIR|
261|4|921439|592272|79491|19930629|3-MEDIUM|0|49|6684825|30896092|4|6417432|81855|5|19930831|SHIP|
261|5|921439|302344|194376|19930629|3-MEDIUM|0|49|6597017|30896092|1|6531046|80779|8|19930908|SHIP|
261|6|921439|484943|72264|19930629|3-MEDIUM|0|20|3855840|30896092|6|3624489|115675|6|19930905|AIR|
262|1|607030|955930|10912|19951125|4-NOT SPECI|0|0|0|0|1|0|119153|5|19960218|RAIL|
262|2|607030|300369|188955|19951125|4-NOT SPECI|0|0|0|0|9|0|82161|3|19960131|AIR|
262|3|607030|293475|154568|19951125|4-NOT SPECI|0|0|0|0|5|0|88107|8|19960214|MAIL|
263|1|2321363|119797|82117|19940517|2-HIGH|0|22|3996938|12653411|6|3757121|109007|8|19940620|FOB|
263|2|2321363|422784|136453|19940517|2-HIGH|0|9|1536084|12653411|8|1413197|102405|0|19940716|TRUCK|
263|3|2321363|714455|153429|19940517|2-HIGH|0|50|7347100|12653411|6|6906274|88165|4|19940731|TRUCK|
288|1|141851|253203|186522|19970221|1-URGENT|0|31|3584189|23496136|0|3584189|69371|3|19970428|AIR|
288|2|141851|581930|72459|19970221|1-URGENT|0|49|9858359|23496136|8|9069690|120714|5|19970519|TRUCK|
288|3|141851|494163|7926|19970221|1-URGENT|0|36|4165704|23496136|2|4082389|69428|2|19970507|TRUCK|
288|4|141851|392028|9553|19970221|1-URGENT|0|19|2128019|23496136|7|1979057|67200|7|19970404|MAIL|
288|5|141851|809469|145019|19970221|1-URGENT|0|31|4273102|23496136|10|3845791|82705|4|19970424|RAIL|
289|1|2074991|866399|157362|19970210|3-MEDIUM|0|25|3413375|21204041|7|3174438|81921|5|19970505|FOB|
289|2|2074991|558999|171947|19970210|3-MEDIUM|0|6|1234782|21204041|6|1160695|123478|5|19970508|SHIP|
289|3|2074991|84977|105235|19970210|3-MEDIUM|0|44|8632668|21204041|10|7769401|117718|8|19970420|MAIL|
289|4|2074991|197194|80437|19970210|3-MEDIUM|0|48|6197712|21204041|1|6135734|77471|8|19970330|RAIL|
289|5|2074991|231425|88539|19970210|3-MEDIUM|0|13|1763333|21204041|10|1586999|81384|3|19970406|REG AIR|
290|1|2359007|26754|130568|19940101|4-NOT SPECI|0|0|0|0|1|0|100845|2|19940205|MAIL|
290|2|2359007|644613|54412|19940101|4-NOT SPECI|0|0|0|0|5|0|93454|4|19940213|TRUCK|
290|3|2359007|9438|92620|19940101|4-NOT SPECI|0|0|0|0|3|0|80845|5|19940224|MAIL|
290|4|2359007|618701|58286|19940101|4-NOT SPECI|0|0|0|0|5|0|97180|8|19940221|AIR|
291|1|2820994|612822|155783|19940313|1-URGENT|0|21|3643059|10269377|5|3460906|104087|7|19940510|TRUCK|
291|2|2820994|686578|29068|19940313|1-URGENT|0|19|2972626|10269377|8|2734815|93872|2|19940425|REG AIR|
291|3|2820994|304367|132264|19940313|1-URGENT|0|30|4114050|10269377|10|3702645|82281|2|19940430|FOB|
292|1|445030|767805|29514|19920113|2-HIGH|0|8|1498216|4236786|10|1348394|112366|3|19920330|RAIL|
292|2|445030|496244|26597|19920113|2-HIGH|0|24|2976528|4236786|8|2738405|74413|4|19920306|TRUCK|
293|1|598561|44799|156151|19921002|2-HIGH|0|14|2441306|5412726|2|2392479|104627|5|19921223|SHIP|
293|2|598561|932028|15279|19921002|2-HIGH|0|11|1165978|5412726|10|1049380|63598|4|19921201|MAIL|
293|3|598561|586335|182915|19921002|2-HIGH|0|13|1847703|5412726|4|1773794|85278|2|19921226|RAIL|
294|1|1009960|298098|190188|19930716|3-MEDIUM|0|31|3397848|3431826|0|3397848|65764|1|19930819|AIR|
295|1|379664|987533|51705|19940929|2-HIGH|0|29|4699421|13002128|2|4605432|97229|7|19941208|MAIL|
295|2|379664|456720|191698|19940929|2-HIGH|0|26|4359420|13002128|4|4185043|100602|3|19941130|AIR|
295|3|379664|76415|60193|19940929|2-HIGH|0|8|1113128|13002128|10|1001815|83484|7|19941117|TRUCK|
295|4|379664|303103|51341|19940929|2-HIGH|0|26|2875834|13002128|10|2588250|66365|4|19941122|MAIL|
320|1|6037|22072|180454|19971121|2-HIGH|0|30|2982210|5190168|5|2833099|59644|1|19980121|RAIL|
320|2|6037|960786|77930|19971121|2-HIGH|0|13|2400762|5190168|3|2328739|110804|0|19971226|AIR|
321|1|2451817|1589|194129|19930321|3-MEDIUM|0|21|3130218|8053374|1|3098915|89434|8|19930424|REG AIR|
321|2|2451817|702164|112133|19930321|3-MEDIUM|0|41|4781133|8053374|8|4398642|69967|7|19930607|REG AIR|
322|1|2670898|762493|109434|19920319|1-URGENT|0|12|1866552|16261655|8|1717227|93327|7|19920530|AIR|
322|2|2670898|218306|48111|19920319|1-URGENT|0|48|5876592|16261655|2|5759060|73457|7|19920616|RAIL|
322|3|2670898|63362|196305|19920319|1-URGENT|0|20|2650720|16261655|4|2544691|79521|1|19920504|MAIL|
322|4|2670898|916229|82263|19920319|1-URGENT|0|10|1245180|16261655|6|1170469|74710|3|19920513|AIR|
322|5|2670898|58022|179956|19920319|1-URGENT|0|35|3430070|16261655|7|3189965|58801|6|19920503|RAIL|
322|6|2670898|166549|118724|19920319|1-URGENT|0|3|484662|16261655|8|445889|96932|5|19920510|AIR|
322|7|2670898|187174|184197|19920319|1-URGENT|0|5|630585|16261655|1|624279|75670|2|19920512|REG AIR|
323|1|782657|818140|185451|19940326|1-URGENT|0|50|5290500|9647205|5|5025975|63486|4|19940425|REG AIR|
323|2|782657|475678|73506|19940326|1-URGENT|0|18|2976570|9647205|6|2797975|99219|7|19940602|TRUCK|
323|3|782657|713625|12590|19940326|1-URGENT|0|9|1474731|9647205|7|1371499|98315|4|19940610|TRUCK|
324|1|2103100|997375|139341|19920320|1-URGENT|0|26|3828058|3595693|7|3560093|88339|1|19920528|RAIL|
325|1|800473|793951|171589|19931017|5-LOW|0|34|6952728|14171286|9|6326982|122695|4|19931213|MAIL|
325|2|800473|925692|84292|19931017|5-LOW|0|5|858825|14171286|7|798707|103059|8|19940105|MAIL|
325|3|800473|93938|86951|19931017|5-LOW|0|35|6761755|14171286|7|6288432|115915|7|19940103|REG AIR|
326|1|1519718|895467|125489|19950604|2-HIGH|0|41|5995922|36043136|6|5636166|87745|3|19950709|TRUCK|
326|2|1519718|97396|82963|19950604|2-HIGH|0|38|5294882|36043136|2|5188984|83603|8|19950823|RAIL|
326|3|1519718|918691|143830|19950604|2-HIGH|0|25|4274125|36043136|3|4145901|102579|4|19950727|AIR|
326|4|1519718|424179|141462|19950604|2-HIGH|0|5|551575|36043136|3|535027|66189|8|19950713|REG AIR|
326|5|1519718|172713|135467|19950604|2-HIGH|0|31|5535701|36043136|4|5314272|107142|8|19950706|TRUCK|
326|6|1519718|783556|192757|19950604|2-HIGH|0|41|6722032|36043136|2|6587591|98371|0|19950723|REG AIR|
326|7|1519718|210670|50538|19950604|2-HIGH|0|47|7429102|36043136|4|7131937|94839|4|19950704|REG AIR|
327|1|2891959|717512|185857|19950417|5-LOW|0|16|2447168|3673275|3|2373752|91768|1|19950607|TRUCK|
327|2|2891959|208575|94500|19950417|5-LOW|0|9|1335204|3673275|9|1215035|89013|5|19950711|AIR|
352|1|2129116|318806|4157|19940308|2-HIGH|0|17|3102143|3029241|7|2884992|109487|5|19940531|FOB|
353|1|35507|596522|148798|19931231|5-LOW|0|41|6635850|27334251|0|6635850|97110|6|19940331|AIR|
353|2|35507|737709|37699|19931231|5-LOW|0|29|5065343|27334251|9|4609462|104800|0|19940319|FOB|
353|3|35507|671589|193451|19931231|5-LOW|0|12|1872660|27334251|6|1760300|93633|1|19940326|RAIL|
353|4|35507|385351|114294|19931231|5-LOW|0|46|6607164|27334251|0|6607164|86180|4|19940131|FOB|
353|5|35507|584014|124594|19931231|5-LOW|0|9|988191|27334251|2|968427|65879|2|19940320|RAIL|
353|6|35507|513495|40247|19931231|5-LOW|0|39|5883033|27334251|2|5765372|90508|5|19940330|MAIL|
354|1|2765360|247396|51668|19960314|2-HIGH|0|14|1880732|23854269|8|1730273|80602|4|19960603|SHIP|
354|2|2765360|969316|172693|19960314|2-HIGH|0|24|3324648|23854269|1|3291401|83116|1|19960517|AIR|
354|3|2765360|290625|47145|19960314|2-HIGH|0|50|8078050|23854269|8|7431806|96936|5|19960520|TRUCK|
354|4|2765360|533359|164077|19960314|2-HIGH|0|7|974631|23854269|6|916153|83539|1|19960418|MAIL|
354|5|2765360|152634|27221|19960314|2-HIGH|0|18|3035934|23854269|4|2914496|101197|8|19960513|RAIL|
354|6|2765360|305410|99574|19960314|2-HIGH|0|36|5095440|23854269|3|4942576|84924|2|19960529|AIR|
354|7|2765360|23299|131429|19960314|2-HIGH|0|14|1711206|23854269|1|1694093|73337|7|19960608|MAIL|
355|1|1400128|569792|118259|19940614|5-LOW|0|31|5771487|10017618|9|5252053|111706|7|19940818|FOB|
355|2|1400128|480149|173970|19940614|5-LOW|0|41|4629392|10017618|5|4397922|67747|0|19940719|TRUCK|
356|1|2936170|226069|9848|19940630|4-NOT SPECI|0|0|0|0|10|0|59703|1|19940801|REG AIR|
356|2|2936170|537312|113801|19940630|4-NOT SPECI|0|0|0|0|2|0|80957|3|19940731|FOB|
356|3|2936170|590009|50271|19940630|4-NOT SPECI|0|0|0|0|8|0|65938|7|19940731|TRUCK|
356|4|2936170|276708|102647|19940630|4-NOT SPECI|0|0|0|0|7|0|101081|5|19940920|SHIP|
356|5|2936170|621354|177167|19940630|4-NOT SPECI|0|0|0|0|5|0|76519|3|19940824|FOB|
357|1|1207894|565713|25245|19961009|2-HIGH|0|26|4624594|11480069|6|4347118|106721|3|19961126|FOB|
357|2|1207894|929067|83391|19961009|2-HIGH|0|36|3945672|11480069|7|3669474|65761|6|19961113|AIR|
357|3|1207894|824033|137872|19961009|2-HIGH|0|32|3062368|11480069|5|2909249|57419|7|19961229|MAIL|
358|1|45788|950137|96101|19930920|2-HIGH|0|41|4867069|31702744|6|4575044|71225|1|19931114|TRUCK|
358|2|45788|949774|169174|19930920|2-HIGH|0|32|5835936|31702744|5|5544139|109423|8|19931212|TRUCK|
358|3|45788|843547|105856|19930920|2-HIGH|0|40|5962000|31702744|9|5425420|89430|1|19931104|MAIL|
358|4|45788|482784|106549|19930920|2-HIGH|0|15|2650140|31702744|8|2438128|106005|8|19931217|MAIL|
358|5|45788|143144|157150|19930920|2-HIGH|0|18|2136852|31702744|1|2115483|71228|2|19931101|SHIP|
358|6|45788|806415|7172|19930920|2-HIGH|0|32|4228384|31702744|3|4101532|79282|5|19931106|RAIL|
358|7|45788|414580|131494|19930920|2-HIGH|0|45|6725520|31702744|5|6389244|89673|2|19931029|REG AIR|
359|1|1551988|829896|3709|19941219|3-MEDIUM|0|30|5477550|22595112|0|5477550|109551|8|19950220|AIR|
359|2|1551988|55790|133961|19941219|3-MEDIUM|0|18|3142422|22595112|0|3142422|104747|3|19950318|RAIL|
359|3|1551988|657313|67133|19941219|3-MEDIUM|0|17|2159476|22595112|7|2008312|76216|6|19950318|SHIP|
359|4|1551988|449922|91756|19941219|3-MEDIUM|0|38|7113220|22595112|10|6401898|112314|8|19950120|RAIL|
359|5|1551988|836195|126459|19941219|3-MEDIUM|0|11|1244265|22595112|1|1231822|67869|3|19950127|FOB|
359|6|1551988|913312|188124|19941219|3-MEDIUM|0|23|3048121|22595112|4|2926196|79516|7|19950311|REG AIR|
384|1|2260169|892207|107841|19920303|5-LOW|0|38|4556808|17026608|7|4237831|71949|1|19920418|TRUCK|
384|2|2260169|316708|83342|19920303|5-LOW|0|49|8450981|17026608|9|7690392|103481|7|19920425|AIR|
384|3|2260169|907507|116579|19920303|5-LOW|0|11|1665906|17026608|2|1632587|90867|8|19920421|MAIL|
384|4|2260169|460264|142677|19920303|5-LOW|0|11|1346664|17026608|0|1346664|73454|6|19920529|TRUCK|
384|5|2260169|657015|160992|19920303|5-LOW|0|14|1360772|17026608|8|1251910|58318|6|19920529|TRUCK|
385|1|658906|832229|94256|19960322|5-LOW|0|7|812826|5754794|5|772184|69670|6|19960509|REG AIR|
385|2|658906|265125|144785|19960322|5-LOW|0|46|5014506|5754794|8|4613345|65406|7|19960517|REG AIR|
386|1|1202182|762025|165061|19950125|2-HIGH|0|39|4239261|11335341|10|3815334|65219|7|19950228|SHIP|
386|2|1202182|340612|164340|19950125|2-HIGH|0|16|2644160|11335341|6|2485510|99156|1|19950418|MAIL|
386|3|1202182|650404|45920|19950125|2-HIGH|0|37|5011169|11335341|9|4560163|81262|4|19950301|MAIL|
387|1|65920|683333|136910|19970126|4-NOT SPECI|0|0|0|0|8|0|78978|3|19970423|SHIP|
387|2|65920|763997|39171|19970126|4-NOT SPECI|0|0|0|0|7|0|123657|5|19970225|RAIL|
387|3|65920|481959|137563|19970126|4-NOT SPECI|0|0|0|0|9|0|116455|2|19970418|TRUCK|
387|4|65920|279631|4957|19970126|4-NOT SPECI|0|0|0|0|8|0|96637|0|19970421|REG AIR|
387|5|65920|741565|99584|19970126|4-NOT SPECI|0|0|0|0|8|0|96391|6|19970411|TRUCK|
388|1|893351|162947|172191|19921216|4-NOT SPECI|0|0|0|0|5|0|120596|6|19930226|FOB|
388|2|893351|639039|12016|19921216|4-NOT SPECI|0|0|0|0|7|0|58680|1|19930126|FOB|
388|3|893351|322429|145851|19921216|4-NOT SPECI|0|0|0|0|6|0|87084|1|19930128|REG AIR|
389|1|2539423|946473|76964|19940217|2-HIGH|0|2|303886|276536|9|276536|91165|0|19940410|RAIL|
390|1|2051242|532613|73886|19980407|5-LOW|0|10|1645590|24349816|2|1612678|98735|5|19980706|SHIP|
390|2|2051242|616762|198176|19980407|5-LOW|0|17|2853841|24349816|9|2596995|100723|6|19980614|SHIP|
390|3|2051242|916328|133233|19980407|5-LOW|0|46|6183688|24349816|7|5750829|80656|4|19980520|SHIP|
390|4|2051242|709683|46318|19980407|5-LOW|0|42|7109130|24349816|1|7038038|101559|5|19980622|SHIP|
390|5|2051242|638284|61565|19980407|5-LOW|0|13|1588925|24349816|2|1557146|73335|6|19980510|SHIP|
390|6|2051242|623159|109573|19980407|5-LOW|0|11|1190332|24349816|9|1083202|64927|6|19980515|SHIP|
390|7|2051242|424681|184597|19980407|5-LOW|0|24|3853584|24349816|5|3660904|96339|2|19980519|AIR|
391|1|2205559|607927|113884|19941117|2-HIGH|0|14|2568846|2384401|9|2337649|110093|2|19950203|TRUCK|
416|1|802588|467815|97447|19930927|5-LOW|0|25|4456975|10912876|0|4456975|106967|5|19931126|TRUCK|
416|2|802588|554345|187831|19930927|5-LOW|0|22|3078504|10912876|10|2770653|83959|0|19931217|RAIL|
416|3|802588|870504|63858|19930927|5-LOW|0|25|3686150|10912876|7|3428119|88467|1|19931203|AIR|
417|1|1091623|197796|44930|19940206|3-MEDIUM|0|39|7385781|16758048|1|7311923|113627|2|19940502|SHIP|
417|2|1091623|346060|132545|19940206|3-MEDIUM|0|18|1990890|16758048|0|1990890|66363|1|19940410|FOB|
417|3|1091623|220959|71614|19940206|3-MEDIUM|0|41|7707754|16758048|10|6936978|112796|1|19940308|RAIL|
417|4|1091623|655431|12397|19940206|3-MEDIUM|0|2|277280|16758048|1|274507|83184|3|19940419|SHIP|
418|1|1896670|92760|91705|19950413|4-NOT SPECI|0|0|0|0|0|0|105165|3|19950618|FOB|
418|2|1896670|5306|77318|19950413|4-NOT SPECI|0|0|0|0|4|0|72678|7|19950616|AIR|
418|3|1896670|174145|80109|19950413|4-NOT SPECI|0|0|0|0|4|0|73148|6|19950712|AIR|
419|1|2325211|763452|124134|19961001|3-MEDIUM|0|33|5000886|18074309|5|4750841|90925|2|19961225|TRUCK|
419|2|2325211|320959|104260|19961001|3-MEDIUM|0|32|6335808|18074309|1|6272449|118796|6|19961204|SHIP|
419|3|2325211|352475|90675|19961001|3-MEDIUM|0|15|2291190|18074309|7|2130806|91647|4|19961128|REG AIR|
419|4|2325211|43776|161976|19961001|3-MEDIUM|0|15|2579655|18074309|1|2553858|103186|2|19961222|FOB|
419|5|2325211|742003|115953|19961001|3-MEDIUM|0|17|1776449|18074309|1|1758684|62698|0|19961220|REG AIR|
420|1|1802867|504422|101053|19951031|4-NOT SPECI|0|0|0|0|4|0|85584|3|19960102|REG AIR|
420|2|1802867|805393|184002|19951031|4-NOT SPECI|0|0|0|0|5|0|77901|4|19951216|AIR|
420|3|1802867|237781|112206|19951031|4-NOT SPECI|0|0|0|0|9|0|103126|8|19960101|FOB|
420|4|1802867|373974|29758|19951031|4-NOT SPECI|0|0|0|0|8|0|122877|8|19960103|REG AIR|
420|5|1802867|364588|131872|19951031|4-NOT SPECI|0|0|0|0|2|0|99154|0|19951213|SHIP|
420|6|1802867|618676|163113|19951031|4-NOT SPECI|0|0|0|0|1|0|95678|5|19951226|FOB|
420|7|1802867|79888|36940|19951031|4-NOT SPECI|0|0|0|0|0|0|112072|8|19951216|REG AIR|
421|1|782977|665348|34462|19920222|5-LOW|0|1|131331|137713|2|128704|78798|7|19920427|TRUCK|
422|1|1461479|759080|97737|19970531|4-NOT SPECI|0|0|0|0|10|0|68343|7|19970817|SHIP|
422|2|1461479|853328|50964|19970531|4-NOT SPECI|0|0|0|0|2|0|76876|3|19970804|AIR|
422|3|1461479|879920|151579|19970531|4-NOT SPECI|0|0|0|0|9|0|113992|0|19970714|RAIL|
422|4|1461479|808110|183333|19970531|4-NOT SPECI|0|0|0|0|10|0|61084|4|19970709|FOB|
423|1|2067889|659450|134464|19960601|1-URGENT|0|27|3805434|3684420|6|3577107|84565|3|19960801|SHIP|
448|1|2992796|625981|40600|19950821|3-MEDIUM|0|4|762780|16275709|0|762780|114417|4|19951020|MAIL|
448|2|2992796|861792|161179|19950821|3-MEDIUM|0|46|8067250|16275709|5|7663887|105225|0|19950930|SHIP|
448|3|2992796|134043|126843|19950821|3-MEDIUM|0|35|3769640|16275709|10|3392676|64622|8|19951119|REG AIR|
448|4|2992796|845225|48614|19950821|3-MEDIUM|0|8|936144|16275709|10|842529|70210|0|19951016|TRUCK|
448|5|2992796|686413|44570|19950821|3-MEDIUM|0|23|3218574|16275709|2|3154202|83962|5|19951102|SHIP|
449|1|1915330|759538|123970|19950720|2-HIGH|0|12|1917000|5827729|2|1878660|95850|8|19950825|SHIP|
449|2|1915330|542040|158721|19950720|2-HIGH|0|4|432808|5827729|10|389527|64921|6|19950914|FOB|
449|3|1915330|49908|19060|19950720|2-HIGH|0|3|557370|5827729|7|518354|111474|8|19950911|RAIL|
449|4|1915330|788293|130197|19950720|2-HIGH|0|22|3038772|5827729|7|2826057|82875|0|19950904|FOB|
450|1|947581|807910|158008|19950305|4-NOT SPECI|0|0|0|0|3|0|109072|0|19950529|SHIP|
450|2|947581|531488|32363|19950305|4-NOT SPECI|0|0|0|0|3|0|91167|2|19950506|TRUCK|
450|3|947581|712637|121400|19950305|4-NOT SPECI|0|0|0|0|6|0|98976|3|19950425|SHIP|
450|4|947581|281335|166766|19950305|4-NOT SPECI|0|0|0|0|5|0|78979|3|19950525|RAIL|
450|5|947581|390240|25376|19950305|4-NOT SPECI|0|0|0|0|9|0|79813|0|19950521|AIR|
450|6|947581|763630|79410|19950305|4-NOT SPECI|0|0|0|0|8|0|101616|5|19950522|REG AIR|
451|1|1975141|647657|123742|19980525|5-LOW|0|36|5776632|16260508|2|5661099|96277|6|19980814|AIR|
451|2|1975141|160138|120296|19980525|5-LOW|0|42|5032146|16260508|5|4780538|71887|1|19980805|TRUCK|
451|3|1975141|430677|248|19980525|5-LOW|0|1|160765|16260508|7|149511|96459|5|19980703|AIR|
451|4|1975141|382786|162258|19980525|5-LOW|0|28|5232556|16260508|4|5023253|112126|5|19980709|SHIP|
452|1|1191164|573191|29484|19971014|1-URGENT|0|2|252834|250001|4|242720|75850|3|19980103|FOB|
453|1|880585|989581|108192|19970526|5-LOW|0|45|7517430|35603282|1|7442255|100232|0|19970820|REG AIR|
453|2|880585|875651|179004|19970526|5-LOW|0|38|6181118|35603282|8|5686628|97596|4|19970708|REG AIR|
453|3|880585|65716|105767|19970526|5-LOW|0|38|6390498|35603282|10|5751448|100902|1|19970724|SHIP|
453|4|880585|478737|23366|19970526|5-LOW|0|45|7720695|35603282|10|6948625|102942|1|19970629|AIR|
453|5|880585|128606|99381|19970526|5-LOW|0|32|5230720|35603282|4|5021491|98076|1|19970627|REG AIR|
453|6|880585|471589|86958|19970526|5-LOW|0|28|4369568|35603282|7|4063698|93633|7|19970812|MAIL|
454|1|975502|587974|151780|19951227|5-LOW|0|24|4948680|4698276|6|4651759|123717|1|19960323|TRUCK|
455|1|241949|782421|191755|19961204|1-URGENT|0|42|6314238|20222871|10|5682814|90203|2|19970110|REG AIR|
455|2|241949|136149|9635|19961204|1-URGENT|0|44|5214616|20222871|5|4953885|71108|8|19970222|TRUCK|
455|3|241949|241796|121341|19961204|1-URGENT|0|45|7820010|20222871|4|7507209|104266|6|19970131|SHIP|
455|4|241949|850057|174758|19961204|1-URGENT|0|11|1107711|20222871|1|1096633|60420|2|19970214|MAIL|
480|1|1427656|260740|10865|19930508|5-LOW|0|22|3741606|3663779|4|3591941|102043|2|19930728|MAIL|
481|1|607039|93242|165491|19921008|2-HIGH|0|17|2099908|18882464|7|1952914|74114|5|19921209|MAIL|
481|2|607039|103227|5927|19921008|2-HIGH|0|19|2337418|18882464|8|2150424|73813|1|19921127|AIR|
481|3|607039|928923|9456|19921008|2-HIGH|0|42|8197896|18882464|8|7542064|117112|8|19921111|RAIL|
481|4|607039|405044|123111|19921008|2-HIGH|0|11|1043922|18882464|5|991725|56941|6|19921117|FOB|
481|5|607039|559777|116270|19921008|2-HIGH|0|31|5693925|18882464|5|5409228|110205|1|19921231|AIR|
482|1|2501143|686715|7628|19960326|1-URGENT|0|32|5445376|20476907|0|5445376|102100|2|19960514|SHIP|
482|2|2501143|606909|191714|19960326|1-URGENT|0|1|181587|20476907|5|172507|108952|8|19960520|AIR|
482|3|2501143|305705|123533|19960326|1-URGENT|0|31|5303139|20476907|4|5091013|102641|3|19960506|MAIL|
482|4|2501143|979128|8529|19960326|1-URGENT|0|8|965664|20476907|2|946350|72424|5|19960505|TRUCK|
482|5|2501143|191075|131946|19960326|1-URGENT|0|46|5363922|20476907|1|5310282|69964|6|19960605|MAIL|
482|6|2501143|393480|378|19960326|1-URGENT|0|19|2989593|20476907|4|2870009|94408|0|19960425|FOB|
483|1|696382|163468|75363|19950711|2-HIGH|0|8|1225168|7221137|0|1225168|91887|8|19950823|RAIL|
483|2|696382|398789|25767|19950711|2-HIGH|0|23|4341871|7221137|4|4168196|113266|6|19950811|MAIL|
483|3|696382|438724|58560|19950711|2-HIGH|0|9|1496430|7221137|4|1436572|99762|3|19950902|AIR|
484|1|1084847|150662|149902|19970103|3-MEDIUM|0|49|8392034|36203577|10|7552830|102759|2|19970228|TRUCK|
484|2|1084847|159750|187593|19970103|3-MEDIUM|0|45|8143875|36203577|6|7655242|108585|7|19970320|TRUCK|
484|3|1084847|916751|70306|19970103|3-MEDIUM|0|50|8838550|36203577|6|8308237|106062|5|19970327|MAIL|
484|4|1084847|824025|30127|19970103|3-MEDIUM|0|22|2087756|36203577|7|1941613|56938|3|19970326|SHIP|
484|5|1084847|381537|143896|19970103|3-MEDIUM|0|48|7768896|36203577|0|7768896|97111|5|19970208|MAIL|
484|6|1084847|484351|51696|19970103|3-MEDIUM|0|10|1335330|36203577|1|1321976|80119|8|19970214|FOB|
485|1|2011187|747614|3674|19970326|2-HIGH|0|50|8307900|18545227|1|8224821|99694|0|19970526|MAIL|
485|2|2011187|139864|132683|19970326|2-HIGH|0|40|7615440|18545227|8|7006204|114231|1|19970508|TRUCK|
485|3|2011187|684420|187176|19970326|2-HIGH|0|22|3089658|18545227|0|3089658|84263|5|19970427|TRUCK|
486|1|1017205|377185|1703|19960311|4-NOT SPECI|0|0|0|0|0|0|75730|1|19960506|AIR|
486|2|1017205|335199|7966|19960311|4-NOT SPECI|0|0|0|0|3|0|74050|8|19960606|SHIP|
486|3|1017205|679560|75749|19960311|4-NOT SPECI|0|0|0|0|4|0|92371|3|19960525|RAIL|
486|4|1017205|359323|104622|19960311|4-NOT SPECI|0|0|0|0|8|0|82938|5|19960426|TRUCK|
486|5|1017205|140492|170184|19960311|4-NOT SPECI|0|0|0|0|7|0|91949|5|19960420|RAIL|
486|6|1017205|232715|79037|19960311|4-NOT SPECI|0|0|0|0|0|0|98862|3|19960502|AIR|
487|1|2156498|459476|15806|19920818|1-URGENT|0|47|6746615|7014119|6|6341818|86127|6|19921008|TRUCK|
